xx <- 2+2
