xx <- 2+2
yy <- 3+3